100
1 4654 88394
2 80637 92884
3 54469 92264
4 38903 78585
5 64162 76520
6 46354 71583
7 46096 10036
8 88119 40010
9 44815 17931
10 41086 7980
11 85441 15834
12 48780 60374
13 87718 37503
14 94029 10330
15 53071 58044
16 3793 27264
17 96763 16309
18 4646 24215
19 12190 70947
20 21702 65758
21 71229 98613
22 1393 36174
23 71254 94699
24 41869 58776
25 25933 69094
26 96380 33025
27 18417 27470
28 19170 28041
29 38997 59606
30 11304 50265
31 78123 73357
32 61521 85676
33 51701 18761
34 72130 54367
35 37224 92097
36 32722 69384
37 49522 61818
38 91040 672
39 66431 50586
40 4611 13603
41 13406 58269
42 79030 92925
43 72285 73269
44 58229 41820
45 88112 40349
46 23020 91130
47 2934 59712
48 53397 67782
49 16120 55456
50 99755 56049
51 38861 71006
52 18025 56726
53 86541 90478
54 8107 65750
55 19860 92555
56 5267 87182
57 48734 14861
58 52726 14533
59 24408 19661
60 53229 58619
61 5720 81902
62 39994 46902
63 42750 18960
64 3721 69893
65 99634 2945
66 54778 35266
67 86615 56157
68 66751 75854
69 52314 5099
70 96943 54445
71 61627 48928
72 18234 8154
73 99179 83484
74 3314 43375
75 30982 90232
76 59100 40530
77 12568 20490
78 68043 57349
79 37873 71604
80 53722 99441
81 36901 10351
82 53226 51236
83 84201 88608
84 29545 55271
85 66978 33532
86 45216 65485
87 29930 33727
88 14541 70630
89 4601 86179
90 32821 80900
91 75683 11392
92 26054 94952
93 50518 44098
94 291 19128
95 58583 11346
96 14623 30716
97 3827 7187
98 87052 44278
99 21428 58112
100 78734 50657
